2 0.06999999999999999 0.42000000000000004 0.07625 0.42000000000000004 0.07625 0.39249999999999996 0.06999999999999999 0.39249999999999996 0.06999999999999999 0.42000000000000004
2 0.07625 0.6224999999999999 0.08249999999999999 0.6224999999999999 0.08249999999999999 0.6 0.07625 0.6 0.07625 0.6224999999999999
2 0.30625 0.48875 0.32375 0.48875 0.32375 0.47375 0.30625 0.47375 0.30625 0.48875
2 0.79625 0.9175000000000001 0.8099999999999999 0.9175000000000001 0.8099999999999999 0.9037499999999999 0.79625 0.9037499999999999 0.79625 0.9175000000000001
2 0.80625 0.9075 0.8175000000000001 0.9075 0.8175000000000001 0.8949999999999999 0.80625 0.8949999999999999 0.80625 0.9075
2 0.33625 0.38 0.34249999999999997 0.38 0.34249999999999997 0.3725 0.33625 0.3725 0.33625 0.38
2 0.34750000000000003 0.37875000000000003 0.35375 0.37875000000000003 0.35375 0.36875 0.34750000000000003 0.36875 0.34750000000000003 0.37875000000000003
2 0.35750000000000004 0.37374999999999997 0.36375 0.37374999999999997 0.36375 0.36375 0.35750000000000004 0.36375 0.35750000000000004 0.37374999999999997
2 0.36625 0.36875 0.3725 0.36875 0.3725 0.36 0.36625 0.36 0.36625 0.36875
2 0.37124999999999997 0.3675 0.37625000000000003 0.3675 0.37625000000000003 0.35875 0.37124999999999997 0.35875 0.37124999999999997 0.3675
2 0.41375 0.36625 0.42000000000000004 0.36625 0.42000000000000004 0.35750000000000004 0.41375 0.35750000000000004 0.41375 0.36625
2 0.4175 0.365 0.42374999999999996 0.365 0.42374999999999996 0.35625 0.4175 0.35625 0.4175 0.365
2 0.29500000000000004 0.53 0.30375 0.53 0.30375 0.52125 0.29500000000000004 0.52125 0.29500000000000004 0.53
2 0.3075 0.6325000000000001 0.31625000000000003 0.6325000000000001 0.31625000000000003 0.6212500000000001 0.3075 0.6212500000000001 0.3075 0.6325000000000001
2 0.31375000000000003 0.63375 0.3225 0.63375 0.3225 0.62375 0.31375000000000003 0.62375 0.31375000000000003 0.63375
2 0.32 0.6425 0.32875 0.6425 0.32875 0.63375 0.32 0.63375 0.32 0.6425
2 0.32375 0.6475 0.33125 0.6475 0.33125 0.6375 0.32375 0.6375 0.32375 0.6475
2 0.4025 0.6637500000000001 0.41125 0.6637500000000001 0.41125 0.655 0.4025 0.655 0.4025 0.6637500000000001
2 0.40499999999999997 0.66625 0.41375 0.66625 0.41375 0.6575 0.40499999999999997 0.6575 0.40499999999999997 0.66625
2 0.4225 0.67375 0.43 0.67375 0.43 0.665 0.4225 0.665 0.4225 0.67375
2 0.43375 0.67875 0.44125 0.67875 0.44125 0.67 0.43375 0.67 0.43375 0.67875
2 0.43 0.67875 0.4375 0.67875 0.4375 0.66875 0.43 0.66875 0.43 0.67875
2 0.5025000000000001 0.8925000000000001 0.5075000000000001 0.8925000000000001 0.5075000000000001 0.88375 0.5025000000000001 0.88375 0.5025000000000001 0.8925000000000001
2 0.49625 0.89125 0.5025000000000001 0.89125 0.5025000000000001 0.8800000000000001 0.49625 0.8800000000000001 0.49625 0.89125
2 0.49124999999999996 0.8862500000000001 0.49625 0.8862500000000001 0.49625 0.87625 0.49124999999999996 0.87625 0.49124999999999996 0.8862500000000001
2 0.48250000000000004 0.885 0.49000000000000005 0.885 0.49000000000000005 0.875 0.48250000000000004 0.875 0.48250000000000004 0.885
2 0.47625 0.8787499999999999 0.48250000000000004 0.8787499999999999 0.48250000000000004 0.8675 0.47625 0.8675 0.47625 0.8787499999999999
2 0.4875 0.90625 0.49375 0.90625 0.49375 0.8975 0.4875 0.8975 0.4875 0.90625
2 0.48250000000000004 0.9025000000000001 0.4875 0.9025000000000001 0.4875 0.8925000000000001 0.48250000000000004 0.8925000000000001 0.48250000000000004 0.9025000000000001
2 0.475 0.8975 0.48125 0.8975 0.48125 0.8875 0.475 0.8875 0.475 0.8975
2 0.47125000000000006 0.87625 0.47750000000000004 0.87625 0.47750000000000004 0.865 0.47125000000000006 0.865 0.47125000000000006 0.87625
2 0.45625 0.865 0.46375 0.865 0.46375 0.8550000000000001 0.45625 0.8550000000000001 0.45625 0.865
2 0.4575 0.85125 0.46375 0.85125 0.46375 0.8425 0.4575 0.8425 0.4575 0.85125
2 0.5037499999999999 0.7887500000000001 0.51125 0.7887500000000001 0.51125 0.7787499999999999 0.5037499999999999 0.7787499999999999 0.5037499999999999 0.7887500000000001
2 0.26125 0.7375 0.26749999999999996 0.7375 0.26749999999999996 0.72875 0.26125 0.72875 0.26125 0.7375
2 0.255 0.73875 0.26125 0.73875 0.26125 0.72875 0.255 0.72875 0.255 0.73875
2 0.24625 0.74 0.255 0.74 0.255 0.7325 0.24625 0.7325 0.24625 0.74
2 0.2375 0.74375 0.24375 0.74375 0.24375 0.735 0.2375 0.735 0.2375 0.74375
2 0.19 0.7787499999999999 0.19875 0.7787499999999999 0.19875 0.77 0.19 0.77 0.19 0.7787499999999999
2 0.18125 0.7875 0.19125 0.7875 0.19125 0.78125 0.18125 0.78125 0.18125 0.7875
2 0.17875000000000002 0.79125 0.18875 0.79125 0.18875 0.78625 0.17875000000000002 0.78625 0.17875000000000002 0.79125
2 0.17625 0.79625 0.18625 0.79625 0.18625 0.79 0.17625 0.79 0.17625 0.79625
2 0.16625 0.8175000000000001 0.17875000000000002 0.8175000000000001 0.17875000000000002 0.8099999999999999 0.16625 0.8099999999999999 0.16625 0.8175000000000001
2 0.16625 0.83125 0.1775 0.83125 0.1775 0.8262499999999999 0.16625 0.8262499999999999 0.16625 0.83125
2 0.2325 0.9275 0.24375 0.9275 0.24375 0.9199999999999999 0.2325 0.9199999999999999 0.2325 0.9275
2 0.25875 0.9475 0.27125 0.9475 0.27125 0.9412499999999999 0.25875 0.9412499999999999 0.25875 0.9475
2 0.22749999999999998 0.94375 0.23500000000000001 0.94375 0.23500000000000001 0.9337500000000001 0.22749999999999998 0.9337500000000001 0.22749999999999998 0.94375
2 0.46875 0.89125 0.475 0.89125 0.475 0.8825 0.46875 0.8825 0.46875 0.89125
2 0.79125 0.925 0.8 0.925 0.8 0.915 0.79125 0.915 0.79125 0.925
2 0.78625 0.9275 0.79625 0.9275 0.79625 0.91875 0.78625 0.91875 0.78625 0.9275