0 0.98125 0.896875 0.0375 0.053125
0 0.58125 0.7609375 0.046875 0.053125
0 0.5359375 0.71484375 0.04375 0.0546875
0 0.4546875 0.72109375 0.084375 0.0890625
0 0.3625 0.7765625 0.0875 0.1125
0 0.1828125 0.86796875 0.08125 0.0984375
0 0.08984375 0.91484375 0.0859375 0.1015625
0 0.1703125 0.6671875 0.075 0.08125
0 0.2625 0.615625 0.071875 0.09375
0 0.0578125 0.59375 0.059375 0.04375
0 0.7234375 0.1234375 0.0875 0.09375
0 0.621875 0.0359375 0.1 0.06875
0 0.4125 0.025 0.05625 0.04375
0 0.0203125 0.959375 0.040625 0.08125
0 0.01640625 0.7671875 0.0296875 0.096875
0 0.1484375 0.0359375 0.109375 0.065625