0 0.703125 0.2046875 0.10234375 0.08984375
0 0.603125 0.26953125 0.03671875 0.0328125
0 0.690625 0.4921875 0.07109375 0.08515625
0 0.40625 0.378125 0.08046875 0.10078125
0 0.2359375 0.3265625 0.05234375 0.06328125
0 0.334375 0.403125 0.053125 0.08125
0 0.3171875 0.51640625 0.06875 0.0546875
0 0.39375 0.565625 0.05234375 0.065625
0 0.465625 0.6 0.05390625 0.06328125
0 0.51953125 0.4234375 0.0453125 0.03671875
0 0.47421875 0.3921875 0.0328125 0.03828125
0 0.5953125 0.4578125 0.05234375 0.07109375
0 0.7703125 0.465625 0.03828125 0.04609375
0 0.84453125 0.509375 0.0296875 0.034375
0 0.8375 0.5484375 0.03984375 0.03515625
0 0.81015625 0.59375 0.0328125 0.03359375
0 0.98125 0.809375 0.0375 0.05234375
0 0.5796875 0.946875 0.04765625 0.05234375
0 0.5359375 0.9828125 0.04375 0.034375
0 0.4546875 0.9703125 0.08359375 0.059375
0 0.3609375 0.93125 0.08828125 0.11171875
0 0.1828125 0.83828125 0.08046875 0.0984375
0 0.08984375 0.79296875 0.0859375 0.1015625
0 0.0203125 0.740625 0.03984375 0.09609375
0 0.01640625 0.9390625 0.0296875 0.09609375