0 0.0234375 0.20390625 0.046875 0.0890625
0 0.8578125 0.2765625 0.09296875 0.08515625
0 0.3625 0.628125 0.04765625 0.05546875
0 0.0640625 0.465625 0.03828125 0.04609375
0 0.13671875 0.509375 0.0296875 0.034375
0 0.1296875 0.5484375 0.03984375 0.03515625
0 0.10390625 0.59375 0.0328125 0.03359375
0 0.4390625 0.6609375 0.05234375 0.05390625
0 0.503125 0.6921875 0.065625 0.04609375
0 0.2796875 0.809375 0.04765625 0.05234375
0 0.5 0.759375 0.06171875 0.05
0 0.4671875 0.8125 0.053125 0.04765625
0 0.4421875 0.8765625 0.05703125 0.04609375
0 0.71796875 0.8328125 0.0421875 0.059375
0 0.7875 0.853125 0.05 0.05859375
0 0.834375 0.8984375 0.05703125 0.05546875
0 0.8609375 0.9625 0.05546875 0.04609375