0 0.00703125 0.58203125 0.0140625 0.0484375
0 0.403125 0.49375 0.03125 0.05
0 0.4578125 0.50078125 0.04375 0.0546875
0 0.5140625 0.509375 0.046875 0.05625
0 0.56875 0.5015625 0.0375 0.046875
0 0.875 0.91875 0.05625 0.053125
0 0.909375 0.8609375 0.059375 0.046875
0 0.8703125 0.7625 0.053125 0.040625
0 0.828125 0.7046875 0.05625 0.04375
0 0.8015625 0.6515625 0.04375 0.04375
0 0.75 0.61640625 0.046875 0.0484375
0 0.68203125 0.5203125 0.0390625 0.053125
0 0.621875 0.515625 0.04375 0.059375
0 0.765625 0.459375 0.053125 0.065625
0 0.8625 0.49765625 0.040625 0.0515625
0 0.9 0.2640625 0.046875 0.04375
0 0.9609375 0.1734375 0.0375 0.040625
0 0.8375 0.071875 0.05 0.040625
0 0.85 0.01484375 0.05 0.0296875