0 0.9 0.0296875 0.046875 0.04375
0 0.9609375 0.1203125 0.0375 0.040625
0 0.8359375 0.2203125 0.05078125 0.04140625
0 0.85 0.284375 0.05078125 0.04296875
0 0.859375 0.35390625 0.05546875 0.0484375
0 0.8484375 0.4234375 0.04375 0.03828125
0 0.95078125 0.665625 0.0328125 0.04609375
0 0.925 0.7171875 0.05 0.04765625
0 0.859375 0.8140625 0.04296875 0.040625
0 0.83359375 0.86796875 0.0609375 0.0484375
0 0.91875 0.9203125 0.04609375 0.04765625
0 0.6921875 0.8 0.046875 0.05859375
0 0.8 0.6625 0.040625 0.03828125
0 0.5890625 0.8609375 0.025 0.046875
0 0.5328125 0.87109375 0.02734375 0.0421875
0 0.38359375 0.8765625 0.0328125 0.03984375