0 0.9703125 0.1 0.04375 0.046875
0 0.8796875 0.0390625 0.040625 0.0375
0 0.7796875 0.1640625 0.040625 0.05
0 0.715625 0.15 0.04375 0.05
0 0.64765625 0.1421875 0.0484375 0.05625
0 0.5765625 0.153125 0.0375 0.04375
0 0.3359375 0.05078125 0.046875 0.0328125
0 0.2828125 0.0765625 0.046875 0.05
0 0.1859375 0.140625 0.040625 0.04375
0 0.13359375 0.16796875 0.0484375 0.0609375
0 0.0796875 0.0828125 0.046875 0.046875
0 0.2015625 0.3078125 0.059375 0.046875
0 0.3375 0.2015625 0.0375 0.040625
0 0.140625 0.4125 0.046875 0.025
0 0.13046875 0.46875 0.0421875 0.028125
0 0.1234375 0.61796875 0.040625 0.0328125