0 0.2328125 0.81875 0.028125 0.034375
0 0.39453125 0.8328125 0.0359375 0.046875
0 0.45 0.83125 0.03125 0.040625
0 0.4984375 0.83046875 0.034375 0.0421875
0 0.60703125 0.82421875 0.0484375 0.0515625
0 0.6625 0.8125 0.046875 0.05625
0 0.60078125 0.68359375 0.0484375 0.0515625
0 0.4828125 0.6921875 0.028125 0.04375
0 0.10546875 0.5953125 0.0328125 0.04375
0 0.64609375 0.4015625 0.0453125 0.046875
0 0.60078125 0.1859375 0.0671875 0.04375
0 0.42578125 0.4234375 0.0515625 0.05
0 0.4828125 0.421875 0.040625 0.05625
0 0.4765625 0.278125 0.05625 0.0625
0 0.03984375 0.4296875 0.0421875 0.05625
0 0.09375 0.4328125 0.046875 0.053125
0 0.01171875 0.265625 0.0234375 0.0625
0 0.05 0.2703125 0.04375 0.0625
0 0.0234375 0.0265625 0.046875 0.053125
0 0.08203125 0.02734375 0.0453125 0.0546875
0 0.1328125 0.0265625 0.046875 0.053125
0 0.2234375 0.02109375 0.053125 0.0421875
0 0.284375 0.0203125 0.053125 0.0375
0 0.3421875 0.021875 0.05 0.04375
0 0.4046875 0.0203125 0.05625 0.0375
0 0.52734375 0.021875 0.0578125 0.04375
0 0.5890625 0.025 0.05625 0.046875