2 0.0875 0.735 0.1025 0.735 0.1025 0.72375 0.0875 0.72375 0.0875 0.735
2 0.22875 0.69625 0.24375 0.69625 0.24375 0.6875 0.22875 0.6875 0.22875 0.69625
2 0.4025 0.64 0.42374999999999996 0.64 0.42374999999999996 0.625 0.4025 0.625 0.4025 0.64
2 0.865 0.51375 0.8800000000000001 0.51375 0.8800000000000001 0.5037499999999999 0.865 0.5037499999999999 0.865 0.51375
2 0.8550000000000001 0.55625 0.86875 0.55625 0.86875 0.54625 0.8550000000000001 0.54625 0.8550000000000001 0.55625
2 0.23625 0.1025 0.24375 0.1025 0.24375 0.06375 0.23625 0.06375 0.23625 0.1025
2 0.29125 0.10375000000000001 0.3 0.10375000000000001 0.3 0.06625 0.29125 0.06625 0.29125 0.10375000000000001
2 0.19125 0.69375 0.20375000000000001 0.69375 0.20375000000000001 0.6875 0.19125 0.6875 0.19125 0.69375
2 0.2575 0.10500000000000001 0.27 0.10500000000000001 0.27 0.07125000000000001 0.2575 0.07125000000000001 0.2575 0.10500000000000001
2 0.10625 0.04875 0.125 0.04875 0.125 0.04 0.10625 0.04 0.10625 0.04875
2 0.31 0.67125 0.3225 0.67125 0.3225 0.6637500000000001 0.31 0.6637500000000001 0.31 0.67125
2 0.06625 0.765 0.08 0.765 0.08 0.755 0.06625 0.755 0.06625 0.765
2 0.0075 0.74125 0.0225 0.74125 0.0225 0.73 0.0075 0.73 0.0075 0.74125
2 0.7462500000000001 0.54875 0.76125 0.54875 0.76125 0.5375 0.7462500000000001 0.5375 0.7462500000000001 0.54875
2 0.02 0.75125 0.03625 0.75125 0.03625 0.74 0.02 0.74 0.02 0.75125