2 0.97625 0.6212500000000001 0.945 0.6212500000000001 0.945 0.63875 0.97625 0.63875 0.97625 0.6212500000000001
2 0.5725 0.5700000000000001 0.54375 0.5700000000000001 0.54375 0.5825 0.5725 0.5825 0.5725 0.5700000000000001
2 0.5700000000000001 0.5862499999999999 0.5475 0.5862499999999999 0.5475 0.5962500000000001 0.5700000000000001 0.5962500000000001 0.5700000000000001 0.5862499999999999
2 0.57125 0.6012500000000001 0.54875 0.6012500000000001 0.54875 0.6125 0.57125 0.6125 0.57125 0.6012500000000001
2 0.5700000000000001 0.61625 0.5425 0.61625 0.5425 0.62625 0.5700000000000001 0.62625 0.5700000000000001 0.61625
2 0.5700000000000001 0.6287499999999999 0.54 0.6287499999999999 0.54 0.64375 0.5700000000000001 0.64375 0.5700000000000001 0.6287499999999999
2 0.5625 0.64625 0.5349999999999999 0.64625 0.5349999999999999 0.6587500000000001 0.5625 0.6587500000000001 0.5625 0.64625
2 0.43375 0.71375 0.41125 0.71375 0.41125 0.7224999999999999 0.43375 0.7224999999999999 0.43375 0.71375
2 0.29125 0.8462500000000001 0.26625 0.8462500000000001 0.26625 0.87375 0.29125 0.87375 0.29125 0.8462500000000001
2 0.2575 0.50875 0.24500000000000002 0.50875 0.24500000000000002 0.54125 0.2575 0.54125 0.2575 0.50875
2 0.2575 0.55 0.24500000000000002 0.55 0.24500000000000002 0.57125 0.2575 0.57125 0.2575 0.55
2 1 0.76625 0.975 0.76625 0.975 0.78 1 0.78 1 0.76625
2 0.96875 0.6525000000000001 0.94625 0.6525000000000001 0.94625 0.66875 0.96875 0.66875 0.96875 0.6525000000000001
2 0.9775 0.60375 0.9525 0.60375 0.9525 0.615 0.9775 0.615 0.9775 0.60375
2 0.99375 0.475 0.97 0.475 0.97 0.48875 0.99375 0.48875 0.99375 0.475
2 0.9824999999999999 0.54375 0.9574999999999999 0.54375 0.9574999999999999 0.5587500000000001 0.9824999999999999 0.5587500000000001 0.9824999999999999 0.54375
2 0.46749999999999997 0.7575000000000001 0.445 0.7575000000000001 0.445 0.7887500000000001 0.46749999999999997 0.7887500000000001 0.46749999999999997 0.7575000000000001