2 0.355 0.73875 0.3675 0.73875 0.3675 0.7275 0.355 0.7275 0.355 0.73875
2 0.215 0.85875 0.22749999999999998 0.85875 0.22749999999999998 0.8474999999999999 0.215 0.8474999999999999 0.215 0.85875
2 0.225 0.8699999999999999 0.23500000000000001 0.8699999999999999 0.23500000000000001 0.8612500000000001 0.225 0.8612500000000001 0.225 0.8699999999999999
2 0.23125 0.8825 0.24 0.8825 0.24 0.8724999999999999 0.23125 0.8724999999999999 0.23125 0.8825
2 0.23374999999999999 0.885 0.24500000000000002 0.885 0.24500000000000002 0.8775000000000001 0.23374999999999999 0.8775000000000001 0.23374999999999999 0.885
2 0.23875000000000002 0.89 0.25 0.89 0.25 0.88125 0.23875000000000002 0.88125 0.23875000000000002 0.89
2 0.2425 0.8949999999999999 0.2525 0.8949999999999999 0.2525 0.8887499999999999 0.2425 0.8887499999999999 0.2425 0.8949999999999999
2 0.24500000000000002 0.9 0.2575 0.9 0.2575 0.8925000000000001 0.24500000000000002 0.8925000000000001 0.24500000000000002 0.9
2 0.24874999999999997 0.9075 0.26 0.9075 0.26 0.8975 0.24874999999999997 0.8975 0.24874999999999997 0.9075
2 0.2475 0.9237500000000001 0.25875 0.9237500000000001 0.25875 0.9125 0.2475 0.9125 0.2475 0.9237500000000001
2 0.2425 0.92875 0.25375000000000003 0.92875 0.25375000000000003 0.91625 0.2425 0.91625 0.2425 0.92875
2 0.2375 0.93125 0.24874999999999997 0.93125 0.24874999999999997 0.9199999999999999 0.2375 0.9199999999999999 0.2375 0.93125
2 0.2325 0.9324999999999999 0.24125000000000002 0.9324999999999999 0.24125000000000002 0.92125 0.2325 0.92125 0.2325 0.9324999999999999
2 0.22999999999999998 0.93625 0.23875000000000002 0.93625 0.23875000000000002 0.9262499999999999 0.22999999999999998 0.9262499999999999 0.22999999999999998 0.93625
2 0.21875 0.94375 0.22749999999999998 0.94375 0.22749999999999998 0.93125 0.21875 0.93125 0.21875 0.94375
2 0.215 0.9475 0.2225 0.9475 0.2225 0.93625 0.215 0.93625 0.215 0.9475
2 0.21000000000000002 0.95 0.21875 0.95 0.21875 0.9400000000000001 0.21000000000000002 0.9400000000000001 0.21000000000000002 0.95
2 0.205 0.9525 0.2125 0.9525 0.2125 0.9425000000000001 0.205 0.9425000000000001 0.205 0.9525
2 0.19875 0.9574999999999999 0.20750000000000002 0.9574999999999999 0.20750000000000002 0.94625 0.19875 0.94625 0.19875 0.9574999999999999
2 0.19375 0.96 0.20249999999999999 0.96 0.20249999999999999 0.9487500000000001 0.19375 0.9487500000000001 0.19375 0.96
2 0.18875 0.9637499999999999 0.1975 0.9637499999999999 0.1975 0.9512499999999999 0.18875 0.9512499999999999 0.18875 0.9637499999999999
2 0.18375 0.9662499999999999 0.19375 0.9662499999999999 0.19375 0.9550000000000001 0.18375 0.9550000000000001 0.18375 0.9662499999999999
2 0.1775 0.96875 0.19 0.96875 0.19 0.95625 0.1775 0.95625 0.1775 0.96875
2 0.17124999999999999 0.9712500000000001 0.18 0.9712500000000001 0.18 0.96 0.17124999999999999 0.96 0.17124999999999999 0.9712500000000001
2 0.16499999999999998 0.97625 0.175 0.97625 0.175 0.9637499999999999 0.16499999999999998 0.9637499999999999 0.16499999999999998 0.97625
2 0.16 0.97875 0.17250000000000001 0.97875 0.17250000000000001 0.9662499999999999 0.16 0.9662499999999999 0.16 0.97875
2 0.145 0.9875 0.1525 0.9875 0.1525 0.9775 0.145 0.9775 0.145 0.9875
2 0.25125000000000003 0.9487500000000001 0.26125 0.9487500000000001 0.26125 0.9400000000000001 0.25125000000000003 0.9400000000000001 0.25125000000000003 0.9487500000000001
2 0.34875 0.93 0.36 0.93 0.36 0.9175000000000001 0.34875 0.9175000000000001 0.34875 0.93
2 0.34249999999999997 0.9337500000000001 0.3525 0.9337500000000001 0.3525 0.92125 0.34249999999999997 0.92125 0.34249999999999997 0.9337500000000001
2 0.39 0.97625 0.3975 0.97625 0.3975 0.9637499999999999 0.39 0.9637499999999999 0.39 0.97625
2 0.3825 0.97875 0.39125 0.97875 0.39125 0.9675 0.3825 0.9675 0.3825 0.97875
2 0.3775 0.9824999999999999 0.38625 0.9824999999999999 0.38625 0.9712500000000001 0.3775 0.9712500000000001 0.3775 0.9824999999999999
2 0.3725 0.9862500000000001 0.3825 0.9862500000000001 0.3825 0.975 0.3725 0.975 0.3725 0.9862500000000001
2 0.36875 0.9887499999999999 0.37625000000000003 0.9887499999999999 0.37625000000000003 0.9775 0.36875 0.9775 0.36875 0.9887499999999999
2 0.41375 0.8875 0.4225 0.8875 0.4225 0.87625 0.41375 0.87625 0.41375 0.8875
2 0.55625 0.7837500000000001 0.5662499999999999 0.7837500000000001 0.5662499999999999 0.7737499999999999 0.55625 0.7737499999999999 0.55625 0.7837500000000001
2 0.5349999999999999 0.79875 0.54375 0.79875 0.54375 0.7887500000000001 0.5349999999999999 0.7887500000000001 0.5349999999999999 0.79875
2 0.56125 0.7825 0.5700000000000001 0.7825 0.5700000000000001 0.77 0.56125 0.77 0.56125 0.7825
2 0.5675 0.7725 0.5775 0.7725 0.5775 0.7625 0.5675 0.7625 0.5675 0.7725
2 0.62 0.7474999999999999 0.63125 0.7474999999999999 0.63125 0.73875 0.62 0.73875 0.62 0.7474999999999999
2 0.62625 0.7375 0.63625 0.7375 0.63625 0.72375 0.62625 0.72375 0.62625 0.7375
2 0.58875 0.8300000000000001 0.5974999999999999 0.8300000000000001 0.5974999999999999 0.81875 0.58875 0.81875 0.58875 0.8300000000000001
2 0.5925 0.8275 0.6025 0.8275 0.6025 0.81375 0.5925 0.81375 0.5925 0.8275
2 0.5962500000000001 0.8237500000000001 0.6075 0.8237500000000001 0.6075 0.8099999999999999 0.5962500000000001 0.8099999999999999 0.5962500000000001 0.8237500000000001
2 0.60875 0.8487500000000001 0.6174999999999999 0.8487500000000001 0.6174999999999999 0.8375 0.60875 0.8375 0.60875 0.8487500000000001
2 0.6125 0.84375 0.6224999999999999 0.84375 0.6224999999999999 0.8324999999999999 0.6125 0.8324999999999999 0.6125 0.84375
2 0.61875 0.8425 0.6275000000000001 0.8425 0.6275000000000001 0.82875 0.61875 0.82875 0.61875 0.8425
2 0.6325000000000001 0.8074999999999999 0.64375 0.8074999999999999 0.64375 0.8 0.6325000000000001 0.8 0.6325000000000001 0.8074999999999999
2 0.6525000000000001 0.82 0.66125 0.82 0.66125 0.80625 0.6525000000000001 0.80625 0.6525000000000001 0.82
2 0.6375 0.79625 0.64625 0.79625 0.64625 0.7837500000000001 0.6375 0.7837500000000001 0.6375 0.79625
2 0.63125 0.8 0.64125 0.8 0.64125 0.7887500000000001 0.63125 0.7887500000000001 0.63125 0.8
2 0.65 0.7625 0.66125 0.7625 0.66125 0.75125 0.65 0.75125 0.65 0.7625
2 0.74125 0.7737499999999999 0.7537499999999999 0.7737499999999999 0.7537499999999999 0.76375 0.74125 0.76375 0.74125 0.7737499999999999
2 0.68625 0.69375 0.6950000000000001 0.69375 0.6950000000000001 0.68125 0.68625 0.68125 0.68625 0.69375
2 0.6799999999999999 0.69875 0.6900000000000001 0.69875 0.6900000000000001 0.68625 0.6799999999999999 0.68625 0.6799999999999999 0.69875
2 0.71 0.58875 0.7224999999999999 0.58875 0.7224999999999999 0.58125 0.71 0.58125 0.71 0.58875
2 0.72 0.615 0.7325 0.615 0.7325 0.60625 0.72 0.60625 0.72 0.615
2 0.7525000000000001 0.58125 0.76125 0.58125 0.76125 0.5725 0.7525000000000001 0.5725 0.7525000000000001 0.58125
2 0.7224999999999999 0.625 0.7375 0.625 0.7375 0.61625 0.7224999999999999 0.61625 0.7224999999999999 0.625
2 0.6875 0.64625 0.70125 0.64625 0.70125 0.64 0.6875 0.64 0.6875 0.64625
2 0.69375 0.61875 0.705 0.61875 0.705 0.61125 0.69375 0.61125 0.69375 0.61875
2 0.6599999999999999 0.645 0.67375 0.645 0.67375 0.63625 0.6599999999999999 0.63625 0.6599999999999999 0.645
2 0.6537499999999999 0.61875 0.665 0.61875 0.665 0.61 0.6537499999999999 0.61 0.6537499999999999 0.61875
2 0.7112499999999999 0.97 0.7212500000000001 0.97 0.7212500000000001 0.9574999999999999 0.7112499999999999 0.9574999999999999 0.7112499999999999 0.97
2 0.7175 0.9662499999999999 0.7275 0.9662499999999999 0.7275 0.9525 0.7175 0.9525 0.7175 0.9662499999999999
2 0.72875 0.9574999999999999 0.73875 0.9574999999999999 0.73875 0.945 0.72875 0.945 0.72875 0.9574999999999999
2 0.78125 0.9349999999999999 0.79375 0.9349999999999999 0.79375 0.92875 0.78125 0.92875 0.78125 0.9349999999999999
2 0.78 0.92875 0.79125 0.92875 0.79125 0.9225 0.78 0.9225 0.78 0.92875
2 0.7787499999999999 0.9037499999999999 0.7887500000000001 0.9037499999999999 0.7887500000000001 0.8975 0.7787499999999999 0.8975 0.7787499999999999 0.9037499999999999
2 0.7775000000000001 0.9099999999999999 0.7887500000000001 0.9099999999999999 0.7887500000000001 0.9037499999999999 0.7775000000000001 0.9037499999999999 0.7775000000000001 0.9099999999999999
2 0.8099999999999999 0.9324999999999999 0.82125 0.9324999999999999 0.82125 0.9275 0.8099999999999999 0.9275 0.8099999999999999 0.9324999999999999
2 0.8150000000000001 0.9025000000000001 0.8262499999999999 0.9025000000000001 0.8262499999999999 0.89625 0.8150000000000001 0.89625 0.8150000000000001 0.9025000000000001
2 0.8074999999999999 0.9087500000000001 0.82 0.9087500000000001 0.82 0.9037499999999999 0.8074999999999999 0.9037499999999999 0.8074999999999999 0.9087500000000001
2 0.8087500000000001 0.915 0.8225 0.915 0.8225 0.9099999999999999 0.8087500000000001 0.9099999999999999 0.8087500000000001 0.915
2 0.8074999999999999 0.92125 0.82 0.92125 0.82 0.91375 0.8074999999999999 0.91375 0.8074999999999999 0.92125
2 0.82125 0.9262499999999999 0.83125 0.9262499999999999 0.83125 0.9199999999999999 0.82125 0.9199999999999999 0.82125 0.9262499999999999
2 0.835 0.94375 0.8425 0.94375 0.8425 0.93 0.835 0.93 0.835 0.94375
2 0.8525 0.9925 0.86625 0.9925 0.86625 0.985 0.8525 0.985 0.8525 0.9925
2 0.8225 0.64 0.82875 0.64 0.82875 0.6275000000000001 0.8225 0.6275000000000001 0.8225 0.64
2 0.8675 0.6212500000000001 0.875 0.6212500000000001 0.875 0.60875 0.8675 0.60875 0.8675 0.6212500000000001
2 0.8375 0.63375 0.845 0.63375 0.845 0.6224999999999999 0.8375 0.6224999999999999 0.8375 0.63375
2 0.8474999999999999 0.63 0.85375 0.63 0.85375 0.61875 0.8474999999999999 0.61875 0.8474999999999999 0.63
2 0.905 0.60875 0.9125 0.60875 0.9125 0.5962500000000001 0.905 0.5962500000000001 0.905 0.60875
2 0.9099999999999999 0.605 0.9175000000000001 0.605 0.9175000000000001 0.595 0.9099999999999999 0.595 0.9099999999999999 0.605
2 0.91625 0.605 0.9237500000000001 0.605 0.9237500000000001 0.5912499999999999 0.91625 0.5912499999999999 0.91625 0.605
2 0.8474999999999999 0.745 0.85875 0.745 0.85875 0.74 0.8474999999999999 0.74 0.8474999999999999 0.745
2 0.805 0.89125 0.8099999999999999 0.89125 0.8099999999999999 0.8787499999999999 0.805 0.8787499999999999 0.805 0.89125
2 0.81125 0.8887499999999999 0.8162499999999999 0.8887499999999999 0.8162499999999999 0.87625 0.81125 0.87625 0.81125 0.8887499999999999
2 0.8162499999999999 0.8875 0.8225 0.8875 0.8225 0.87625 0.8162499999999999 0.87625 0.8162499999999999 0.8875
2 0.8225 0.8875 0.8275 0.8875 0.8275 0.87625 0.8225 0.87625 0.8225 0.8875
2 0.8262499999999999 0.8887499999999999 0.83375 0.8887499999999999 0.83375 0.87625 0.8262499999999999 0.87625 0.8262499999999999 0.8887499999999999
2 0.8425 0.8787499999999999 0.8474999999999999 0.8787499999999999 0.8474999999999999 0.8675 0.8425 0.8675 0.8425 0.8787499999999999
2 0.8412499999999999 0.86875 0.8487500000000001 0.86875 0.8487500000000001 0.85625 0.8412499999999999 0.85625 0.8412499999999999 0.86875
2 0.8400000000000001 0.85625 0.8474999999999999 0.85625 0.8474999999999999 0.84375 0.8400000000000001 0.84375 0.8400000000000001 0.85625
2 0.8387499999999999 0.84375 0.845 0.84375 0.845 0.83125 0.8387499999999999 0.83125 0.8387499999999999 0.84375
2 0.8375 0.8300000000000001 0.84375 0.8300000000000001 0.84375 0.8175000000000001 0.8375 0.8175000000000001 0.8375 0.8300000000000001
2 0.83625 0.8162499999999999 0.8425 0.8162499999999999 0.8425 0.80375 0.83625 0.80375 0.83625 0.8162499999999999
2 0.8487500000000001 0.79375 0.86 0.79375 0.86 0.76875 0.8487500000000001 0.76875 0.8487500000000001 0.79375
2 0.8487500000000001 0.7575000000000001 0.85875 0.7575000000000001 0.85875 0.75125 0.8487500000000001 0.75125 0.8487500000000001 0.7575000000000001
2 0.845 0.7224999999999999 0.8574999999999999 0.7224999999999999 0.8574999999999999 0.7150000000000001 0.845 0.7150000000000001 0.845 0.7224999999999999
2 0.875 0.73125 0.885 0.73125 0.885 0.725 0.875 0.725 0.875 0.73125
2 0.87375 0.73625 0.885 0.73625 0.885 0.73 0.87375 0.73 0.87375 0.73625
2 0.87625 0.74375 0.8875 0.74375 0.8875 0.73625 0.87625 0.73625 0.87625 0.74375
2 0.87625 0.755 0.8875 0.755 0.8875 0.74875 0.87625 0.74875 0.87625 0.755
2 0.8775000000000001 0.76125 0.8862500000000001 0.76125 0.8862500000000001 0.755 0.8775000000000001 0.755 0.8775000000000001 0.76125
2 0.8825 0.6775 0.89 0.6775 0.89 0.6637500000000001 0.8825 0.6637500000000001 0.8825 0.6775
2 0.915 0.665 0.9237500000000001 0.665 0.9237500000000001 0.6525000000000001 0.915 0.6525000000000001 0.915 0.665
2 0.92125 0.665 0.93 0.665 0.93 0.65125 0.92125 0.65125 0.92125 0.665
2 0.9425000000000001 0.6837500000000001 0.95 0.6837500000000001 0.95 0.67125 0.9425000000000001 0.67125 0.9425000000000001 0.6837500000000001